0 0.856666666667 0.54849137931 0.254666666667 0.536637931034
0 0.467333333333 0.644396551724 0.321333333333 0.474137931034
0 0.715333333333 0.530172413793 0.185333333333 0.280172413793
0 0.844666666667 0.447198275862 0.0733333333333 0.144396551724
0 0.966666666667 0.446120689655 0.032 0.0560344827586
0 0.68 0.474137931034 0.072 0.163793103448
0 0.488 0.487068965517 0.152 0.228448275862
0 0.0853333333333 0.544181034483 0.157333333333 0.334051724138
0 0.208 0.51724137931 0.122666666667 0.288793103448
0 0.190666666667 0.414870689655 0.04 0.0581896551724
0 0.412666666667 0.426724137931 0.0493333333333 0.176724137931
0 0.366666666667 0.419181034483 0.0373333333333 0.109913793103
0 0.322666666667 0.448275862069 0.032 0.0474137931034
0 0.462 0.478448275862 0.044 0.0603448275862
0 0.624666666667 0.385775862069 0.0386666666667 0.0474137931034
0 0.0633333333333 0.428879310345 0.0386666666667 0.0560344827586
0 0.0786666666667 0.401939655172 0.128 0.20474137931
