0 0.137903225806 0.62 0.185483870968 0.0914285714286
0 0.914516129032 0.888571428571 0.11935483871 0.188571428571
0 0.892741935484 0.785714285714 0.182258064516 0.177142857143
0 0.61935483871 0.772857142857 0.138709677419 0.162857142857
0 0.507258064516 0.667142857143 0.179032258065 0.168571428571
0 0.151612903226 0.447142857143 0.0838709677419 0.14
0 0.554838709677 0.45 0.129032258065 0.248571428571
0 0.875 0.524285714286 0.133870967742 0.145714285714
0 0.73064516129 0.444285714286 0.0774193548387 0.0657142857143
0 0.65564516129 0.477142857143 0.091935483871 0.0742857142857
0 0.602419354839 0.367142857143 0.108064516129 0.0771428571429
0 0.212903225806 0.331428571429 0.0935483870968 0.0914285714286
0 0.141129032258 0.278571428571 0.0435483870968 0.0714285714286
0 0.133064516129 0.25 0.143548387097 0.0371428571429
0 0.0395161290323 0.23 0.0596774193548 0.1
