0 0.925454545455 0.85303030303 0.0727272727273 0.0636363636364
0 0.223636363636 0.55 0.16 0.209090909091
0 0.297272727273 0.568181818182 0.0672727272727 0.0878787878788
0 0.425454545455 0.439393939394 0.196363636364 0.284848484848
0 0.560909090909 0.674242424242 0.0745454545455 0.1
0 0.453636363636 0.656060606061 0.0745454545455 0.0818181818182
0 0.448181818182 0.593939393939 0.0672727272727 0.0424242424242
0 0.728181818182 0.70303030303 0.0818181818182 0.0848484848485
0 0.820909090909 0.551515151515 0.172727272727 0.139393939394
0 0.702727272727 0.633333333333 0.0563636363636 0.0545454545455
0 0.752727272727 0.628787878788 0.0727272727273 0.069696969697
0 0.343636363636 0.463636363636 0.0509090909091 0.0666666666667
