0 0.207532051282 0.661057692308 0.129807692308 0.134615384615
0 0.171474358974 0.573317307692 0.102564102564 0.112980769231
0 0.111378205128 0.515625 0.129807692308 0.103365384615
0 0.369391025641 0.612980769231 0.0817307692308 0.149038461538
0 0.350961538462 0.564903846154 0.0448717948718 0.100961538462
0 0.295673076923 0.492788461538 0.0560897435897 0.0961538461538
0 0.33733974359 0.456730769231 0.036858974359 0.0865384615385
0 0.416666666667 0.520432692308 0.0384615384615 0.0889423076923
0 0.40625 0.459134615385 0.0464743589744 0.0336538461538
0 0.585737179487 0.599759615385 0.0945512820513 0.103365384615
0 0.511217948718 0.513221153846 0.0897435897436 0.103365384615
0 0.532852564103 0.453125 0.0625 0.0793269230769
0 0.581730769231 0.474759615385 0.0544871794872 0.09375
0 0.630608974359 0.527644230769 0.0753205128205 0.09375
0 0.669070512821 0.477163461538 0.0560897435897 0.0745192307692
0 0.741185897436 0.515625 0.0849358974359 0.108173076923
0 0.69391025641 0.4375 0.0448717948718 0.0336538461538
0 0.736378205128 0.424278846154 0.036858974359 0.0600961538462
0 0.80608974359 0.412259615385 0.0416666666667 0.0889423076923
0 0.862179487179 0.477163461538 0.0512820512821 0.151442307692
