0 0.478888888889 0.553125 0.26 0.45
0 0.287777777778 0.715625 0.255555555556 0.30625
0 0.212222222222 0.5578125 0.117777777778 0.146875
0 0.0911111111111 0.3578125 0.164444444444 0.159375
0 0.731111111111 0.571875 0.133333333333 0.2125
0 0.634444444444 0.3875 0.0911111111111 0.175
0 0.796666666667 0.390625 0.1 0.1375
0 0.91 0.3265625 0.104444444444 0.109375
0 0.911111111111 0.2078125 0.102222222222 0.109375
0 0.785555555556 0.1640625 0.0866666666667 0.134375
0 0.713333333333 0.31875 0.0622222222222 0.075
0 0.464444444444 0.2546875 0.115555555556 0.121875
0 0.325555555556 0.15625 0.0955555555556 0.09375
0 0.11 0.1859375 0.06 0.103125
