0 0.8525 0.455708661417 0.145 0.242125984252
0 0.9405 0.866141732283 0.059 0.0905511811024
0 0.8775 0.957677165354 0.111 0.0688976377953
0 0.8255 0.912401574803 0.065 0.0728346456693
0 0.766 0.935039370079 0.06 0.0984251968504
0 0.6575 0.938976377953 0.123 0.0944881889764
0 0.5765 0.929133858268 0.051 0.0944881889764
0 0.5275 0.932086614173 0.049 0.0964566929134
0 0.484 0.860236220472 0.038 0.0708661417323
0 0.4575 0.936023622047 0.085 0.0688976377953
0 0.3205 0.904527559055 0.127 0.143700787402
0 0.1705 0.907480314961 0.055 0.169291338583
0 0.076 0.926181102362 0.136 0.100393700787
0 0.1865 0.836614173228 0.025 0.0551181102362
0 0.121 0.874015748031 0.064 0.0433070866142
0 0.5205 0.698818897638 0.171 0.244094488189
0 0.4725 0.426181102362 0.149 0.167322834646
0 0.4185 0.497047244094 0.115 0.159448818898
0 0.4375 0.25688976378 0.157 0.147637795276
0 0.337 0.907480314961 0.098 0.0826771653543
