0 0.66625 0.834158415842 0.1425 0.212871287129
0 0.71 0.589108910891 0.15 0.178217821782
0 0.42 0.824257425743 0.225 0.133663366337
0 0.33625 0.65099009901 0.1225 0.173267326733
0 0.26875 0.556930693069 0.0875 0.193069306931
0 0.11375 0.415841584158 0.0775 0.138613861386
0 0.11125 0.25 0.0625 0.10396039604
0 0.36125 0.274752475248 0.0675 0.113861386139
0 0.26125 0.185643564356 0.0775 0.133663366337
0 0.3725 0.160891089109 0.085 0.123762376238
0 0.4575 0.220297029703 0.075 0.143564356436
0 0.5575 0.190594059406 0.11 0.123762376238
0 0.72 0.418316831683 0.155 0.123762376238
0 0.7475 0.225247524752 0.1 0.0841584158416
0 0.8825 0.173267326733 0.09 0.148514851485
0 0.95 0.356435643564 0.095 0.118811881188
