0 0.167 0.838762214984 0.118 0.114006514658
0 0.317 0.804560260586 0.126 0.13680781759
0 0.105 0.667752442997 0.13 0.14983713355
0 0.574 0.824104234528 0.144 0.14332247557
0 0.704 0.78664495114 0.132 0.14006514658
0 0.381 0.71335504886 0.122 0.0781758957655
0 0.3 0.628664495114 0.12 0.104234527687
0 0.215 0.638436482085 0.086 0.117263843648
0 0.303 0.513029315961 0.174 0.153094462541
0 0.444 0.482084690554 0.156 0.0912052117264
0 0.37 0.392508143322 0.128 0.107491856678
0 0.374 0.28664495114 0.152 0.130293159609
0 0.485 0.307817589577 0.082 0.159609120521
0 0.564 0.208469055375 0.164 0.156351791531
0 0.662 0.366449511401 0.152 0.14657980456
0 0.782 0.244299674267 0.132 0.130293159609
0 0.885 0.343648208469 0.166 0.0944625407166
0 0.974 0.241042345277 0.068 0.188925081433
0 0.585 0.563517915309 0.146 0.104234527687
0 0.718 0.464169381107 0.14 0.0618892508143
0 0.697 0.612377850163 0.11 0.0846905537459
0 0.752 0.534201954397 0.104 0.071661237785
0 0.804 0.623778501629 0.088 0.100977198697
0 0.885 0.542345276873 0.13 0.127035830619
0 0.957 0.501628664495 0.106 0.104234527687
0 0.983 0.447882736156 0.054 0.0684039087948
