0 0.587977707006 0.560479041916 0.347929936306 0.277844311377
0 0.300955414013 0.445508982036 0.251592356688 0.186826347305
0 0.247611464968 0.28502994012 0.116242038217 0.117365269461
0 0.345939490446 0.264670658683 0.110668789809 0.0982035928144
0 0.499601910828 0.245508982036 0.107484076433 0.119760479042
0 0.821656050955 0.340718562874 0.0732484076433 0.188023952096
0 0.898089171975 0.326946107784 0.0207006369427 0.0814371257485
0 0.886146496815 0.240718562874 0.0525477707006 0.0718562874251
0 0.810111464968 0.190419161677 0.062898089172 0.110179640719
0 0.68949044586 0.184431137725 0.0350318471338 0.134131736527
0 0.62898089172 0.151497005988 0.0477707006369 0.0778443113772
0 0.718949044586 0.135329341317 0.0286624203822 0.100598802395
0 0.885748407643 0.156886227545 0.0278662420382 0.0934131736527
0 0.498805732484 0.120359281437 0.0485668789809 0.0754491017964
0 0.445063694268 0.133532934132 0.0429936305732 0.0706586826347
0 0.401671974522 0.125748502994 0.0501592356688 0.0934131736527
0 0.349124203822 0.123353293413 0.031050955414 0.0479041916168
0 0.30851910828 0.139520958084 0.0406050955414 0.0419161676647
0 0.198646496815 0.117964071856 0.0597133757962 0.097005988024
0 0.279060509554 0.204790419162 0.0358280254777 0.0383233532934
