0 0.619375 0.307222222222 0.1875 0.465555555556
0 0.38625 0.426666666667 0.1675 0.164444444444
0 0.385625 0.544444444444 0.1075 0.146666666667
0 0.2784375 0.455555555556 0.096875 0.155555555556
0 0.190625 0.519444444444 0.10375 0.165555555556
0 0.2734375 0.668333333333 0.140625 0.134444444444
0 0.2065625 0.751666666667 0.180625 0.105555555556
0 0.505625 0.753888888889 0.15625 0.11
0 0.640625 0.715 0.11375 0.145555555556
0 0.6228125 0.564444444444 0.101875 0.157777777778
0 0.5328125 0.643333333333 0.123125 0.14
