0 0.110555555556 0.390357142857 0.0855555555556 0.237857142857
0 0.0416666666667 0.373571428571 0.0677777777778 0.104285714286
0 0.323055555556 0.433214285714 0.0794444444444 0.200714285714
0 0.4125 0.463571428571 0.0572222222222 0.134285714286
0 0.478611111111 0.398928571429 0.0594444444444 0.233571428571
0 0.5925 0.412857142857 0.0594444444444 0.242857142857
0 0.465277777778 0.316785714286 0.0516666666667 0.139285714286
0 0.541111111111 0.244285714286 0.0577777777778 0.135714285714
0 0.219166666667 0.371428571429 0.100555555556 0.172857142857
0 0.396666666667 0.247142857143 0.0566666666667 0.118571428571
0 0.401666666667 0.343571428571 0.0666666666667 0.0485714285714
0 0.560277777778 0.365357142857 0.0705555555556 0.055
0 0.345833333333 0.2325 0.0983333333333 0.120714285714
0 0.274444444444 0.306071428571 0.0477777777778 0.156428571429
0 0.205 0.295714285714 0.0866666666667 0.114285714286
0 0.0455555555556 0.281428571429 0.0744444444444 0.161428571429
0 0.0944444444444 0.237142857143 0.0455555555556 0.122857142857
