0 0.41067961165 0.783527696793 0.264077669903 0.275510204082
0 0.355825242718 0.497084548105 0.179611650485 0.276967930029
0 0.659223300971 0.524052478134 0.250485436893 0.298833819242
0 0.831067961165 0.448979591837 0.13786407767 0.256559766764
0 0.13932038835 0.33527696793 0.21067961165 0.122448979592
0 0.0694174757282 0.491982507289 0.131067961165 0.202623906706
0 0.0674757281553 0.19970845481 0.121359223301 0.0932944606414
0 0.337378640777 0.231778425656 0.121359223301 0.116618075802
0 0.433495145631 0.217930029155 0.0805825242718 0.106413994169
0 0.505825242718 0.196064139942 0.102912621359 0.106413994169
0 0.768932038835 0.270408163265 0.108737864078 0.112244897959
0 0.690291262136 0.229591836735 0.100970873786 0.0714285714286
0 0.681553398058 0.152332361516 0.130097087379 0.0510204081633
0 0.822330097087 0.188775510204 0.106796116505 0.0889212827988
0 0.898058252427 0.152332361516 0.106796116505 0.0889212827988
0 0.973300970874 0.107871720117 0.0611650485437 0.125364431487
0 0.482038834951 0.0677842565598 0.121359223301 0.129737609329
0 0.156310679612 0.153790087464 0.116504854369 0.0743440233236
0 0.247087378641 0.156705539359 0.0825242718447 0.0918367346939
0 0.163106796117 0.0750728862974 0.118446601942 0.0685131195335
0 0.246116504854 0.0706997084548 0.0572815533981 0.0568513119534
0 0.0359223300971 0.0626822157434 0.0427184466019 0.0583090379009
