0 0.1 0.369696969697 0.0863636363636 0.109090909091
0 0.160227272727 0.725757575758 0.0977272727273 0.142424242424
0 0.261363636364 0.627272727273 0.0772727272727 0.0545454545455
0 0.3 0.731818181818 0.113636363636 0.142424242424
0 0.380681818182 0.618181818182 0.0522727272727 0.0787878787879
0 0.434090909091 0.692424242424 0.0590909090909 0.172727272727
0 0.515909090909 0.707575757576 0.0818181818182 0.239393939394
0 0.6375 0.509090909091 0.161363636364 0.2
0 0.631818181818 0.683333333333 0.0954545454545 0.172727272727
0 0.814772727273 0.536363636364 0.170454545455 0.260606060606
0 0.776136363636 0.75303030303 0.115909090909 0.130303030303
0 0.854545454545 0.69696969697 0.0454545454545 0.0484848484848
0 0.932954545455 0.766666666667 0.111363636364 0.0969696969697
0 0.863636363636 0.233333333333 0.0545454545455 0.0666666666667
0 0.544318181818 0.281818181818 0.0659090909091 0.109090909091
0 0.625 0.295454545455 0.0590909090909 0.0636363636364
