0 0.055 0.9125 0.0 0.0
0 0.718333333333 0.358125 0.21 0.28875
0 0.45375 0.340625 0.184166666667 0.18125
0 0.737083333333 0.625 0.134166666667 0.1375
0 0.872083333333 0.684375 0.0991666666667 0.13125
0 0.779166666667 0.821875 0.111666666667 0.18875
0 0.529166666667 0.84625 0.13 0.16
0 0.437083333333 0.88 0.0625 0.0975
0 0.679583333333 0.70875 0.0708333333333 0.1125
0 0.39125 0.584375 0.0991666666667 0.13375
0 0.335416666667 0.6325 0.0658333333333 0.1775
0 0.17375 0.73625 0.109166666667 0.185
0 0.3125 0.880625 0.145 0.09875
0 0.12625 0.873125 0.0691666666667 0.09625
